7114
9526
5430
5796
3754
6708
5747
2411
9524
2843
358
8729
9888
3413
8758
4346
4639
6427
8727
8013
4961
9400
1268
3103
2241
3295
6251
5431
8401
2540
8913
8580
3995
5220
7553
4405
7083
8676
6900
103
2073
852
8230
5326
3870
6436
5494
6894
9689
7872
7282
3223
1841
4949
4608
1623
6853
8215
4125
5069
9603
578
6009
8832
7866
4734
1563
6985
2755
3641
8453
7977
9342
178
9739
4262
3305
5129
2050
712
8219
8284
1405
4868
6757
4258
2566
6244
6728
7206
6651
8344
1163
4865
6587
5303
7211
1595
7973
4021
6977
8340
7767
6161
856
8724
1747
6832
7365
9133
739
1136
6638
5713
1120
295
8468
9552
8462
3339
1778
8112
3543
4728
9431
463
6
3733
2163
4023
7248
4906
5460
5868
8326
8942
7443
1937
1199
4081
2643
92
2539
434
300
5372
8727
3394
5430
3410
8154
5497
5525
2177
4312
7545
5353
5679
299
4252
3554
6386
7990
7238
9269
3038
2024
5004
9447
2942
3693
3927
1417
5465
2373
4901
6737
1142
3783
6216
6705
4007
3885
2139
681
2038
8997
6297
9608
2193
5310
8971
6831
4216
7053
8260
8146
7095
9336
6725
9020
6866
2213
805
3683
9704
1618
8251
665
7744
1922
884
3129
2570
6499
2691
4971
3604
2249
4387
4515
8172
4789
1834
1613
314
977
9965
466
9036
965
7691
4567
2426
3855
6018
7674
717
5299
2177
6331
3613
6806
7328
9560
5980
9689
6226
2014
9845
8955
2610
1490
9086
653
8964
7483
684
3031
2308
1755
2079
2397
7644
9564
9881
9549
919
6127
9780
194
1896
4296
7433
5027
5254
4022
9626
5850
6480
9469
3931
1247
5342
1735
1345
9065
686
6676
4719
6873
3814
846
6974
41
580
2964
2003
6199
6169
7433
4395
3748
4282
2396
3731
8624
8093
8106
8684
27
4451
7095
2064
1401
1664
3806
2245
314
3609
1526
7087
9848
7260
64
1095
9407
9778
7085
8984
6046
2353
2837
5063
3526
7479
202
970
8575
4771
7981
5490
8721
6207
3427
1945
2397
1319
318
6270
6376
5513
9902
6252
3855
7789
8857
9167
3259
7818
9957
4263
9097
8645
895
2908
9430
1536
3363
4895
7144
8789
9373
8511
2889
3656
8586
7514
5106
8389
2146
7492
3975
6388
8781
1659
7281
7241
8287
8168
5392
7373
7685
5980
1332
7296
9192
2970
8715
1936
7906
120
3417
1177
4383
9285
4347
2914
610
1659
8318
6291
5335
6279
4189
1731
8333
114
706
6109
5330
974
1624
8544
1649
3750
4665
8067
7104
3076
482
569
9025
1560
4402
5611
5676
2597
3122
1421
7201
555
3747
6
6465
9705
9319
7052
6243
5397
8250
8913
5118
2679
8869
2839
920
4258
1951
5359
2219
9427
4522
1750
1988
5876
6346
2605
6743
3060
2691
721
8524
3186
3469
1801
4628
9108
664
95
2113
839
2599
4644
9288
9516
7240
2245
3377
202
540
6962
7165
9239
3908
2360
5595
7673
4273
3181
310
3863
3700
8636
1310
9583
7125
8627
2162
4897
8398
5160
8530
9001
8994
5402
9091
9741
6509
4152
8231
2501
1311
9017
8141
6400
2988
4455
7583
2027
7664
4404
6774
3196
3035
5817
3256
768
7562
653
286
5119
5315
116
3361
7054
2499
2310
7275
5637
3004
3919
6818
2947
1811
2618
1734
7769
7860
4346
1926
8458
2244
8727
7498
8097
5693
4082
2282
4438
7606
4744
2959
1097
2499
9059
9099
7181
5371
4634
3685
8522
8072
6986
993
6428
1190
3711
6904
8539
7362
7186
7581
9041
5030
2921
2387
7679
8412
9653
732
8304
8526
4940
2751
2439
6114
3661
8093
4800
3494
2626
9365
5626
4694
1850
9092
9519
7540
9497
3482
7333
4715
4682
3731
7489
8308
1223
5818
2664
2390
5701
2404
7444
7661
9880
5930
5059
1577
4129
1320
354
3054
9943
5897
2791
1453
2366
2936
8754
6145
6738
7064
2374
8918
4251
6182
2947
7198
7516
887
6839
3730
9598
8308
8660
6107
2841
2628
6233
4300
5830
7250
2991
6822
2045
8924
2620
271
7354
6049
9303
2204
268
1965
1784
6422
8582
8714
7997
8319
2135
1079
9960
1008
8382
8929
3626
2930
8521
6524
5295
8395
82
7175
274
1451
4286
8279
4640
4911
2270
6568
6360
9809
1745
5107
3912
4028
1222
8306
9839
9734
3513
770
4813
7860
2629
2551
6025
886
9963
5621
8616
5558
5608
8350
4922
890
136
7830
7948
3217
8259
2289
9075
4522
3917
3657
3149
5744
8696
6553
3221
3295
5344
7508
8442
9938
2838
704
1349
7530
3840
1817
1465
3333
5309
387
8761
1388
3696
1059
2565
8979
3466
711
3960
2734
3475
8088
3117
1303
3760
3986
9592
1633
2385
5232
709
130
9501
6176
2983
7280
9219
1154
2991
5062
331
9589
6279
9419
4556
6611
294
6532
168
6866
8405
1148
1353
2656
2927
7848
6048
5383
2404
2093
5793
7143
805
3493
7426
6658
5885
9736
7557
8163
8754
1532
8132
8500
7078
7287
9141
8608
5862
7385
8944
4162
3065
2002
3055
2940
2240
476
5286
8199
1358
1811
7583
9333
4789
7112
5096
7257
7764
1582
6132
8538
8305
513
3792
9588
1462
5778
8995
1411
9131
6237
3953
6491
7821
484
1517
3975
4335
9802
8227
6892
5054
6168
4297
5024
2780
7148
4844
3062
1429
7924
2989
5542
3618
2421
921
657
3861
69
7269
9754
3374
2441
1281
3137
8098
1639
7011
6534
5508
3281
2174
2718
5480
2610
3958
8491
4963
3935
1364
850
6720
614
6677
8717
2816
3273
365
4030
5967
4589
8774
5615
3884
8961
6644
8617
7861
9917
1808
6917
8294
7233
4570
5170
4004
8018
3650
4339
8422
9179
9575
7758
9786
3661
578
4013
3928
1590
3195
4963
5817
3389
2204
2752
7993
114
7565
3721
2104
6410
8308
9373
7678
6036
6314
9440
2019
7758
2252
4569
5075
9608
8714
962
1095
2942
2201
6299
7246
2596
2907
8565
9494
3078
9695
6890
1258
9106
1693
1376
7940
9908
2804
3235
1386
1272
2614
7746
5727
296
7797
1524
4695
9508
4485
1794
7382
8484
1442
2872
2788
4917
1591
5517
1402
8105
2179
5508
968
5222
8456
6218
4766
8983
6178
9672
2355
6893
5116
4006
5715
9154
5928
6102
6887
979
6323
2998
3231
9551
8862
3846
4200
8680
1298
2512
9486
942
7030
5382
7164
3374
9372
5267
5669
6465
7382
3255
4635
2263
8874
6269
2162
5664
9970
5286
670
7554
5923
3034
4156
7545
4061
4837
9874
1945
229
7168
4807
5647
2148
7304
5163
6137
6969
4702
7303
5314
3284
6591
2042
5723
5043
7561
2695
5907
9439
604
729
242
8687
7010
3459
1988
4361
8059
3115
6493
7472
2642
1168
5758
8652
7258
7969
7316
3661
4650
5912
234
2590
652
1831
8203
7224
4420
1485
8959
979
819
2482
9610
321
1715
7962
779
1437
869
6310
3378
3256
6472
6295
8853
7534
9626
3571
90
2548
4950
9117
473
4406
3268
25
7264
509
7198
9385
2502
9524
5089
6534
2446
7101
5144
7856
8045
1776
4999
8551
4967
5669
105
5219
5013
5621
7332
9820
9040
1816
7432
3314
3363
1961
4154
1366
4868
1991
2580
4165
6432
668
487
8276
4237
6696
6501
7261
2177
3322
2064
344
6647
8605
3614
996
325
7462
665
1068
6725
975
5751
6376
2477
8856
4890
6959
2180
3131
1743
8526
1356
4562
1407
5057
4129
5385
2906
2737
8892
366
2126
1026
3161
7291
6065
5699
7774
1940
9763
6624
6657
3754
9263
7655
6697
3994
6764
1022
5716
8632
6376
4895
8746
8633
5292
7376
1820
7244
8917
7429
9195
1010
98
4241
3022
6579
9800
9421
7609
9414
2035
5949
1007
825
4624
7988
4100
5817
8107
5329
8784
9525
4404
3808
2897
2042
9617
3594
1744
7774
2978
9390
2711
99
2873
1179
2768
3296
596
6610
4221
2516
5616
3747
9938
7136
6447
2019
29
6902
3757
9922
7599
2241
80
9818
2742
67
5313
9037
7678
7220
1409
6782
834
9680
245
7937
4704
3666
7709
751
3530
1055
8834
548
3213
6699
9098
7774
1854
6302
2681
7379
6118
5287
4390
1870
3650
8576
523
6870
6161
4897
9762
8071
5274
3409
9736
705
6304
8665
9841
7354
4179
3546
9214
3985
9740
9575
5510
9606
3098
6054
4452
826
7453
120
4639
4464
4984
7926
7640
6087
6119
4733
8619
1878
7030
6412
3123
3424
8252
2815
2003
8336
3375
5848
5895
5092
5886
9828
5961
5133
1422
1523
205
7478
5660
9920
8940
3522
5330
7241
9429
8363
1657
7944
3120
5441
8878
3419
7115
5369
5092
1048
4409
7492
2159
2070
2461
6999
3905
1270
5718
1556
3450
9969
9747
8042
5382
9045
9619
201
3425
5211
804
3563
6785
2562
8263
4277
7520
8576
4772
1976
8260
9412
3849
2361
8339
1417
2343
8221
5507
5503
4700
5394
9777
6380
6530
7286
2548
1077
688
3471
2572
4626
1715
5872
766
3828
6100
7887
5208
1423
1517
5778
9296
4452
4489
1249
3542
942
2053
9285
1208
7032
673
4428
3709
5721
2731
904
1810
5375
6030
1921
6590
6242
4361
2131
1529
4019
1389
2690
255
7406
6354
1994
9589
2894
918
9459
7958
8220
798
2259
6977
9026
7193
8642
5747
9342
2379
2931
2235
3868
3769
7592
7285
6218
4197
6541
4832
5042
586
5516
8807
460
4932
9244
2355
9146
1332
9725
3152
9975
1822
9526
461
5361
7942
9795
4959
203
1919
7348
2015
1083
4542
7662
6300
8513
6901
9728
6123
9215
6927
9178
9633
8997
9680
2960
4282
7531
3340
8117
4543
5720
1892
469
8188
6161
184
4951
195
2382
8563
2462
5497
6235
6449
3826
8192
2814
2965
5577
2986
281
3626
6083
7083
3918
3428
7419
4339
9578
6909
822
6515
3574
7771
7255
5407
5373
3346
7617
3295
8360
2796
8693
5370
730
6577
6432
5395
2226
6521
4042
2912
8062
5970
839
3316
1688
1490
7828
7029
7120
8076
4128
4641
5099
2972
9507
8184
6869
7718
1936
8860
6081
3324
4521
3028
1918
2386
38
5759
6272
4872
1123
9050
9847
1845
173
563
9515
9467
4044
2112
2669
5523
1286
7766
3111
7041
6642
208
9426
4595
5012
5154
7991
9936
6408
6742
5304
2464
627
4914
172
7868
8156
3541
7244
5429
4810
3596
1787
3738
8358
9857
2010
8309
4922
4563
5288
8104
1260
8461
4275
419
4475
8458
5183
480
2696
998
5193
4652
4786
6461
9402
1144
5510
9537
547
1255
549
6940
872
3531
5279
1001
4791
7441
7765
2621
9291
7250
1860
6710
7113
5519
8213
2555
3231
8784
9577
8026
7226
6071
728
1008
6615
2000
8929
4914
8248
8913
9422
5236
9672
311
454
2051
6582
9660
5046
871
4773
2970
9195
7120
1983
9019
5014
2098
5656
9161
5727
1917
9327
610
9547
2258
8135
7067
4874
7673
2600
1483
4457
9003
5884
6141
1706
1513
2193
457
3224
7602
7383
3896
7289
9775
1849
4490
3620
5273
2300
5498
9604
4000
5594
6093
2147
7095
6171
8629
6989
9690
4353
2816
1593
2453
4342
1399
965
8344
7512
4670
3838
4401
2253
2818
3531
360
4148
2856
5218
2043
6514
7275
2355
6809
1910
8926
3683
5470
9837
2636
1966
60
4925
751
8021
3728
8719
5687
7479
974
6593
5878
8835
7198
3200
7836
8465
6052
4272
778
7150
5437
24
6323
2917
359
1712
5859
3614
5300
9710
9070
3539
3850
4956
9542
7115
9538
9766
6195
7775
5807
6562
9120
1128
631
6996
9722
8897
5661
1063
1645
2889
4332
9294
267
1048
6652
1692
7306
9840
414
758
742
2903
6352
2988
3673
3768
5222
155
6601
1040
1209
1069
7035
5786
3504
8947
93
8041
6246
1106
1787
5936
9778
6630
6459
9089
7844
4677
8806
6264
8208
5810
8788
579
197
1788
659
940
3771
5269
8131
5510
2362
3060
874
3534
1943
6085
3293
1680
5371
8033
2611
1439
4309
3935
1540
7997
5579
1909
8707
2904
5219
7319
3661
6120
7058
7982
8811
9965
4147
3636
2196
849
3458
6862
2440
5811
6699
6182
8384
3856
2850
6059
6564
3819
2
8206
6626
9955
7698
2426
7184
8019
5545
9575
4356
8638
9113
9852
7886
9660
9820
1301
668
3847
5782
2265
8401
7134
5172
4349
7569
9919
3620
1928
1316
9837
2289
6102
8970
7112
476
8283
8100
9664
8403
412
914
2621
8513
8013
6350
6499
2797
5050
2004
752
4728
7666
8769
9626
1852
4841
8834
9512
1121
2910
7548
4476
1949
9653
1036
3374
187
790
1707
7170
7563
5692
5224
9977
2341
1177
5197
4942
1127
7045
1467
1623
9487
5266
2228
8565
3062
7427
5815
7305
1999
65
6910
895
8140
6646
9536
4748
4533
4136
8296
7294
7908
1930
9115
1910
663
4387
362
4793
3139
6107
6694
2067
7275
9921
904
9041
6211
2168
3912
5294
7029
1626
6864
4847
5556
9328
5623
6247
72
3925
7763
6046
7060
6091
6465
3400
4508
4670
7449
8828
9270
6949
601
4058
3935
626
3467
1233
823
6626
2416
2329
8885
1969
6712
9565
600
5597
5434
3756
2548
8134
7585
7533
1368
1542
4591
2910
6785
6287
3485
6277
5471
2417
8225
711
7966
8609
2900
2265
6456
4409
7027
1605
5314
5918
2246
5418
8799
8929
4134
6492
7667
6138
1450
9988
4199
9651
6246
3673
7303
4305
4990
6554
8570
7610
3417
5907
3415
2286
6624
6465
5791
2983
6333
9382
1356
7079
9261
4951
5729
4109
5639
1411
5612
9909
1109
5798
3307
1652
22
3203
196
7516
599
4292
6477
2913
8340
1444
7860
8247
3123
8095
9892
1918
903
3770
2750
5494
7498
440
824
7650
5757
4362
3027
6542
28
3659
6400
4815
2785
9733
4307
3312
9997
7474
5319
2846
9064
3501
5525
6125
6953
5084
4099
4130
7834
8641
2399
7253
8021
5639
1509
9450
2984
8653
4326
6731
6498
7312
1029
1623
7511
3910
7525
9228
7956
9858
9449
4296
4630
32
5910
3028
2066
8934
9473
3102
1603
3033
4133
3889
662
4623
6093
4898
7959
1886
4282
9509
763
8887
4751
2052
2240
2320
7125
8896
3901
9192
9157
438
5017
8597
7249
5001
6720
8650
5587
2650
6990
795
2675
3335
4932
8676
2701
2088
4521
1583
5611
5699
4199
4251
9921
2303
9504
8434
4428
4951
9032
8569
1628
8284
8980
5068
3917
9724
9587
310
6235
9207
7823
9899
1315
6647
3976
1602
2147
2755
2
9434
500
7155
2196
8253
6398
5133
8943
4915
8271
6467
2796
1539
735
8788
8584
6965
2641
1069
9818
9624
4403
9004
2568
2477
1465
1353
2143
6982
5661
6381
9534
2821
5448
2739
86
3922
2435
652
7158
9211
7537
1245
8686
1266
9428
5064
2288
5311
8084
8904
6575
5523
3393
2268
5736
6030
6826
5754
553
4960
4042
8141
2255
4943
1677
8332
4130
9057
4392
8298
7232
4151
2795
590
9274
6096
3391
9552
8988
890
3156
8924
8580
5875
8395
7175
1824
9974
980
7735
9478
31
1051
7713
2584
3630
9807
6512
5555
5823
8435
7568
3261
806
6582
4739
798
9709
9138
1673
8316
6303
6937
5310
7802
8784
9916
4506
852
91
908
1607
8295
773
4773
4588
2418
2779
8214
5488
7763
1542
4140
2465
2838
2835
8770
9121
2170
4133
6778
2653
3994
6068
8353
1596
3969
6267
7910
3085
9819
7782
9700
4276
5774
1164
8024
4454
1837
8830
4557
7240
7889
1593
773
5760
7737
4815
4241
719
2428
5933
2453
9447
7579
4559
6069
3136
5137
8353
2159
3307
6825
2908
2879
4006
5094
2037
4947
8195
4772
5941
3562
3515
6537
1969
4450
1750
62
2731
9344
9297
1412
1503
9437
5018
6002
5746
8033
5892
5661
6510
1798
4448
7211
5348
7023
7724
6676
6819
5019
6588
7234
2544
5411
299
6676
7793
7799
2651
7946
7690
687
271
9373
9825
4959
1469
7440
3566
8067
3508
1953
571
2343
4677
9916
3924
1283
3607
8958
4333
5210
3245
3515
2467
9057
6319
2091
7517
9147
4805
6032
820
7245
6817
5568
727
5413
8545
1434
9052
3557
4022
8682
1501
7041
3651
2714
3293
859
3913
7406
8908
659
9842
4167
9668
6590
938
1035
4989
8556
1246
8960
4548
5844
6636
4903
2115
679
808
5524
8707
8574
3064
9726
2678
693
2588
2881
296
2595
2389
6745
898
7152
141
3771
3391
7188
7207
8443
9985
5971
4954
391
1133
6576
7649
5005
7888
6107
8703
79
2216
1120
2172
6918
5042
7223
2825
46
9019
1509
2801
8089
326
2347
6170
5965
1281
6229
7427
6530
5269
6705
8276
8341
2774
2830
4565
3043
6264
2563
1616
2261
6751
5153
1002
3881
6747
8669
2066
677
177
3615
2493
7450
4154
795
9527
1904
387
4017
344
5516
4669
6559
1932
8022
1916
8034
1540
5776
3075
226
7564
3693
4901
1419
8151
8509
8426
8860
142
2243
4466
1451
8381
2789
4611
8775
8935
5853
3542
478
6043
6473
477
309
2523
7791
5965
5491
4028
9702
2730
9056
4457
8244
4941
1317
3952
1600
8125
8718
8326
2130
9406
4932
9328
327
6007
7512
6265
7977
1403
2822
2435
8485
7980
3796
7824
3281
7557
8179
7127
4578
8616
4685
3562
6556
3345
2956
6097
6295
5457
6179
5386
5421
1862
40
999
9159
1641
5114
2594
4492
876
2722
6480
3313
509
2890
6087
393
4430
8461
254
8227
7981
9061
7080
4630
8207
94
9550
1337
2599
7370
8480
2909
1886
1908
2612
5548
49
9153
9603
4740
7621
5653
2886
4837
4650
7464
4486
1547
4403
4743
8528
1240
797
3279
9068
8476
3989
8964
9522
1909
4563
3972
8240
4514
2534
63
3476
7910
1395
3736
9235
9479
2164
1739
9000
4991
941
4997
2661
8252
8977
2713
8784
2042
8329
5614
2514
6169
9483
4307
3165
3909
1223
9121
5640
956
486
9170
2479
4888
7987
4237
3568
6233
6727
3914
9636
1687
7260
6254
2567
2629
5180
3161
9181
9695
5301
4248
199
8533
8985
4208
5634
4644
2012
5714
626
3288
5561
4081
9476
2883
9125
716
6213
1606
929
3078
930
2110
1243
5577
2674
4751
5671
8291
6488
3989
3109
4383
7816
5918
7544
5939
6615
8187
3710
9233
5479
6411
6761
7752
4658
5608
9230
9673
8150
5258
4732
2848
5221
8028
3706
8156
5289
1393
1136
1010
2553
191
4050
1324
7924
5645
9162
4357
6056
6449
4038
706
1295
8560
4743
2377
2922
3087
626
7507
6570
5646
2046
7690
1272
4166
9338
2102
6604
5231
4177
5184
6937
613
1730
5055
2297
7673
8634
2573
9284
6367
7914
360
1325
527
322
7047
5788
6957
975
7506
4930
3251
4653
8700
8416
5160
9937
9282
2442
1948
786
4992
7906
48
3202
1313
8683
7509
7539
718
8416
6494
9584
8147
4223
6301
3848
6318
40
3291
572
2846
603
4150
9196
9675
8238
1699
3204
9762
2164
7280
6384
8249
361
1242
5718
4853
335
1872
8338
2552
7073
8657
6661
1507
8288
3660
6631
9203
213
1531
882
5221
4220
834
6121
6390
1307
6659
6839
9330
4856
1460
3561
2420
2165
2160
4716
7194
338
440
665
3287
3454
3730
2454
3993
6915
9870
4805
6931
8972
420
5923
8652
2838
6684
7534
3934
3748
3007
9778
6593
9601
3137
9325
5705
3661
7342
4855
9707
9747
3434
1800
9464
2588
6745
1670
5248
9315
2093
7357
1339
5646
8129
7131
6749
1685
5006
6857
6827
832
4560
1925
8533
5348
3159
9291
3626
8434
4508
5562
5213
8327
5608
592
9267
5485
7240
1899
3220
5196
7886
448
5773
8841
10
2562
1928
7775
4009
2496
1551
9696
4872
3507
4584
8396
3327
3162
6292
7672
7734
3504
2012
6217
6706
2543
6488
6171
6028
9425
6630
4934
5778
5393
5283
5901
3206
1328
7639
8744
5158
7559
4200
5462
503
6325
4238
8104
5703
840
8669
5338
8493
2783
8571
6451
4167
6568
763
1448
9977
6031
7318
7748
539
4690
1032
1189
4727
497
563
4263
1557
4860
725
6349
5252
5867
6809
2195
7843
1582
2393
84
6997
8534
3795
6138
3964
3767
7549
1277
2644
1804
69
548
757
9493
9233
3875
2659
6788
8079
6148
3814
1714
6379
3249
9451
2217
6573
9031
5173
1067
5576
2883
3502
2193
5503
7271
9452
4468
8617
6608
1616
7913
6821
3418
4407
3337
8012
37
2602
296
8560
8930
5124
1050
348
4157
5303
5328
322
2886
6116
1596
3189
4012
9705
8120
7610
5140
144
5022
7003
3202
4404
7374
8697
8291
8804
8691
3594
7115
2100
8162
3159
3776
3752
6353
8862
3479
7758
130
9307
9268
9529
9440
8399
1362
2116
4744
5167
5006
1273
7700
6799
5396
9175
345
7484
3676
3951
9788
1402
2377
452
5572
8712
3337
398
4170
2741
9769
6844
5539
4337
5536
8111
7375
4318
3744
9718
3014
6667
3160
3082
8394
8524
2293
8561
5343
8648
5730
7806
688
6530
2701
3828
9777
4957
8021
3836
7683
6476
1927
5525
3136
9303
1421
1555
3077
5390
8525
6867
8538
3195
3515
9177
2833
7934
1941
8752
3860
9682
3716
3028
3013
762
890
2849
4801
2760
5957
4567
458
5368
5045
3116
3795
7215
5321
1739
3952
3000
3997
6447
8857
9744
8025
7228
1223
5839
2627
441
5476
4363
8261
3743
656
3763
1956
9121
181
8606
935
6996
3243
1270
5905
3717
4368
733
4951
23
9649
8536
735
4725
684
3835
3087
164
7563
8922
2993
1294
9659
6296
3321
991
4074
2481
5905
2562
5087
6637
9163
9883
9769
1130
4239
9921
2996
9733
3027
7914
7980
2197
3540
6401
5272
4609
4423
7809
7817
7896
8138
2717
946
5429
9108
8488
3878
9143
2379
8106
2362
7906
5223
3740
1228
3431
5896
2834
5552
2393
8752
5664
9576
9925
2291
9394
5694
5228
1624
168
4775
9762
9464
908
3469
8395
6080
4932
3310
638
4748
2698
9548
6145
8601
6594
6706
9687
5737
8652
7967
353
7658
6431
2417
8825
3585
6352
4322
2643
3600
8192
9449
9791
6493
7971
2680
7536
6603
1009
5194
6618
6536
2856
5757
4260
5406
9397
715
6217
1678
179
528
9306
9284
4011
6449
258
1511
983
868
9670
3317
1285
5031
24
4045
4802
1995
1474
7059
2197
3364
4539
5197
5649
8595
5096
8923
9449
1012
6122
6587
2857
2954
9234
1623
9703
2023
6139
6309
1169
18
738
2479
6834
1676
6980
2926
8132
1145
734
8551
8905
7728
7844
9648
8556
9538
4839
7910
8508
2731
8958
1526
1449
8537
5799
3145
7604
500
4506
4266
6389
6201
7982
4190
3302
8799
5884
5262
3651
7055
3690
914
6343
6970
7418
3948
3101
203
2834
6890
3792
7586
4748
6405
77
4932
7458
6730
4573
4474
4645
3110
931
5954
7558
1825
2283
5565
8403
8318
6614
2300
7080
2403
3145
6568
8763
1177
4838
3862
2146
9860
8988
5481
7898
38
2348
7483
3514
1485
9190
330
4299
840
3639
2181
9772
6879
5868
3379
9091
6060
115
8034
4864
5631
4965
4455
5054
9807
9945
4963
7439
8050
9594
1321
6965
3340
9101
1608
8816
89
3752
6392
3277
2548
5312
4704
4110
798
5671
675
6863
3510
4148
640
2470
5376
113
7159
3815
3838
8569
4111
6871
8812
8948
9740
1022
309
397
4630
4836
3747
669
9635
3886
3473
5703
8113
6381
1005
8105
3226
6161
1455
8339
4456
788
5711
9452
8748
7234
5002
5834
3958
4298
6752
9915
2620
7911
4378
2673
8660
9592
8361
1670
8692
3737
1249
3120
5362
8593
7838
9734
5531
4116
3712
3414
586
1971
1916
2211
5667
4129
7560
3039
201
1633
3581
3700
5619
9237
3133
1724
2787
2237
7722
6415
5293
9862
2592
7895
2999
9811
8367
8544
6409
8145
2909
8534
2398
1627
9946
3493
730
4298
8023
4650
4867
6830
2273
5177
5594
9306
2657
3308
8160
3505
1113
450
1989
3171
9134
5382
3496
1065
6802
9486
4443
2863
4000
8683
4643
1073
1598
3397
9200
8805
3961
9204
926
8229
69
7550
6839
9026
1562
1034
3033
9146
2156
299
9317
7142
1869
4815
5725
1431
7070
9182
4536
6923
94
5597
3716
9764
1817
4886
962
301
2983
2027
6217
6283
2845
2954
9204
3785
6679
8076
8872
2413
3758
4725
2535
7514
2491
1124
9855
4635
2571
6114
8652
9661
6041
9741
2378
8994
3751
6051
3559
2548
2079
3196
7957
3630
1535
8253
5252
2872
8828
9425
8933
9946
587
2160
4960
8899
8357
1542
1776
8836
7504
4227
7903
697
4516
939
1698
9756
3189
527
6242
304
1117
7496
9995
4882
7636
6135
3549
9365
173
4863
3594
7862
1451
619
3404
317
4116
4942
7902
5084
3889
1138
1998
1190
9296
6420
2462
2135
9027
2625
3447
7949
6498
5701
6045
3496
4631
7034
5446
7566
9192
3716
8556
1201
298
4908
3962
715
6196
9911
4309
6569
2705
8309
2328
3110
1662
5735
8785
9671
4538
5808
2009
233
8165
5801
6990
4176
9050
5230
6891
5293
2796
2454
396
2380
7544
3745
2236
4073
3089
7197
6315
9666
2782
5726
4924
4539
2422
4752
4680
6819
734
1689
4110
2961
4994
5766
9540
3304
4532
5195
871
8673
258
7883
5716
403
1121
4996
1326
6721
6964
6864
8901
4769
5177
1796
4950
3173
2775
7043
6179
3156
258
1897
1143
4234
6933
1124
7854
6067
7388
5229
5481
7948
7218
3096
2353
7962
7182
3448
3385
6176
6757
2667
2487
7365
2383
9396
278
6586
6321
34
420
5587
259
3258
8974
7813
9430
9847
1862
5365
8944
5890
2401
1066
1763
202
4561
1410
6209
5536
6973
6182
9186
359
7892
1966
4771
5303
2965
212
3520
908
8534
1088
5442
1704
1846
5016
639
895
9040
6979
2918
2168
87
3610
1885
4156
7437
4103
9642
8613
1544
6188
4995
8250
6009
9480
9620
6867
591
1276
2773
3037
5413
424
1674
689
7092
7548
278
5600
7575
6098
8159
4328
4547
9615
2256
5484
2454
75
5992
5130
4024
6164
7771
1428
4988
496
2174
5872
3500
5050
1900
3289
7409
6502
9850
3677
2939
2573
7445
6363
2916
237
6446
2351
3218
6468
6283
5137
5218
876
2427
6500
2156
3786
490
2180
7180
8755
6058
1853
1112
8982
6542
4657
4192
5508
2050
9022
5876
1550
9571
5850
9236
2399
9421
896
513
7534
9814
9502
6255
4502
2881
6555
9457
2574
3425
8749
6451
9473
6466
3835
5134
7038
8720
5339
7949
7436
4722
8421
6083
6306
71
5425
5712
9417
4836
8634
2285
5118
7445
1945
3507
3864
242
3316
3372
4430
4435
7122
6183
8217
3611
8892
9535
6060
9293
8949
5814
9900
3455
3504
5492
8750
5319
875
5055
4494
4787
2087
1966
5081
8772
8328
8526
2507
4714
7740
3804
1367
7381
4767
8480
679
9319
7380
1542
6691
157
5419
3644
8848
9064
1801
7069
2906
956
9719
8534
6105
4837
3775
5559
801
7508
7555
3703
9341
7274
6171
1008
728
8661
177
4079
4981
8759
6205
1697
981
5613
3311
8482
6154
168
4215
2693
3524
9427
8648
5490
3221
8788
4990
8131
8659
5414
1668
9121
320
2457
6961
3167
9488
1096
471
583
43
3209
6739
9031
1578
1684
5572
2557
5591
2657
7779
8859
3769
1274
9839
1893
84
4664
2908
4259
5897
8636
4375
7611
2539
384
9869
7595
9030
9342
4132
7969
5800
1018
179
4403
6136
9933
417
5869
260
6765
4539
6317
2435
8376
3049
1726
8119
7429
484
4202
1175
4819
1780
7359
8435
6264
7623
7727
1116
9444
331
8398
332
3434
525
4493
7436
5847
6937
7730
6131
3115
3023
5941
8016
6848
3826
7217
1243
3440
364
7323
6418
9694
796
1513
7869
7293
4306
5830
6979
1679
4996
9062
2787
4482
6647
7286
2371
978
4480
2827
6861
7496
5968
7908
7821
8809
1613
4250
8682
2044
3247
7858
4524
176
2195
3538
1880
638
6451
760
8255
1489
3277
6548
1414
8403
6946
5625
6056
5111
4094
6578
2538
763
7290
2086
8045
900
8425
4184
2972
3867
4103
7026
5939
6692
7257
9175
5399
6501
6072
2747
8521
1158
2107
2078
7114
8755
260
2421
3922
3788
8610
3389
1600
9910
6274
5878
3087
6920
9959
6254
858
5001
3144
564
7047
5754
6769
3937
6089
7096
6947
631
3467
718
992
5842
5929
2854
8072
2315
5628
4965
3775
644
5556
8926
3401
9021
7289
9452
4707
938
5360
3796
1155
6192
5390
4428
2306
522
6724
275
3917
8255
8105
1150
2926
8240
1976
282
9758
9277
3577
6144
7518
9055
8486
2963
4740
1348
9774
9065
1720
3675
748
5682
9364
3906
9602
444
1677
6261
5972
1669
7929
5642
1887
5333
44
9772
2036
3550
2328
8395
9914
3583
563
2325
1899
821
819
9222
5011
6880
1569
6738
726
5599
1036
261
3002
8673
1074
257
9676
5589
9859
6874
2401
7941
196
6101
8842
7524
4053
3213
9413
4999
4577
253
2266
7496
6727
4567
1630
191
7563
992
5837
5973
8197
4565
9039
7166
1507
946
8394
8689
3678
7854
6340
7793
15
7221
9747
8548
8401
6175
1070
3207
5651
1075
6849
4689
3733
7965
8257
5967
6991
1866
5245
6188
3072
1399
3188
6056
8452
1030
1678
2966
9644
336
9687
5855
1965
8153
2918
2454
2781
2936
5564
7807
4350
9973
666
95
4823
6822
9506
7591
6560
8113
5182
9002
6464
8435
7192
6714
2718
5456
4201
2608
1142
9106
7259
7986
2319
8232
2615
9854
8328
884
1999
5778
6100
681
8187
5431
1572
4398
9869
2496
6577
4987
9782
2805
9964
5913
1041
6135
2639
5895
8488
9685
6176
736
9990
7158
3531
8096
4753
2275
8899
9309
1055
9498
859
8131
8715
6444
1406
3404
3526
8016
136
2456
4444
9598
2671
2078
8996
6060
8323
8789
5472
7892
2586
6212
7219
3103
5015
3086
9960
5751
8990
1784
5794
5577
8731
8836
8653
8526
4153
7072
9248
8172
8404
7066
8644
1516
4968
5791
8599
4165
1835
7293
4716
5977
1894
8527
3095
8361
5677
847
7487
6558
6046
1953
4884
9138
255
4881
8175
9723
456
9014
3175
2848
7586
748
4642
6407
3393
4730
5743
7804
7020
6739
8083
4783
9206
4714
5531
2689
7331
922
4483
9331
7810
50
9832
6075
2451
9980
213
3526
7017
932
6779
5473
6962
3826
4194
7156
108
5698
8686
4988
5571
7334
1760
8088
4223
5130
1059
1031
8636
8847
5979
8710
8994
3087
4471
9540
2149
562
7226
6248
1390
8556
3636
2172
2964
9190
6647
1159
1391
7589
3235
901
7190
7618
897
4512
4943
9446
268
4633
5238
7049
8858
2916
9584
4821
9477
6311
7414
9168
6572
4416
1759
9121
5853
8173
8147
9881
8829
1819
4932
3283
5746
3660
2963
1910
578
7528
1493
5889
8840
1750
8427
468
2048
857
4025
7488
5578
7322
1559
8654
8094
8594
5871
3054
4474
8177
2151
5715
3187
5927
3495
5668
6258
1725
2479
2085
4624
6770
6370
2494
521
6204
6391
8566
639
7411
7883
5863
1886
3850
8233
2854
5950
5632
4372
7340
169
6629
7414
21
6456
6210
2715
3579
2931
6468
3307
5928
2760
885
7984
9265
8286
4379
7886
8056
6771
2600
7375
9464
577
7384
5718
5639
9020
3905
4366
1052
9948
3147
8325
8505
5056
5168
8897
6663
3531
7508
5178
7436
8691
4081
5347
1847
3264
1151
1501
4076
2484
7423
6203
2183
3342
5350
5227
3931
4500
4109
9191
4906
7963
8324
3015
8148
8128
6393
8391
2826
2675
1092
8241
1902
9448
7203
8884
4576
9170
1135
3080
9705
9733
8815
8069
2519
3810
9508
9644
3330
2004
54
4758
4881
9165
8261
1759
2775
209
1392
4565
6887
6800
7778
9862
6521
1614
2093
3763
5257
4122
8289
5144
101
196
5407
5420
6058
5336
236
4875
3973
4814
1714
6083
2741
2793
3646
8556
1599
4325
519
1529
2642
8653
2846
7606
7089
8551
667
2171
4571
7315
5646
2673
5221
4985
7533
2885
2268
9813
483
5229
2171
7032
9440
3577
1854
700
6777
9901
4848
1233
7694
5551
8267
9449
7816
8337
7758
5256
8872
983
2114
7454
2646
2982
9190
5774
9063
26
26
3767
5211
7627
3158
7560
1849
8602
3830
2991
6394
7602
6208
5555
352
6779
7649
9321
5668
2271
240
9
3993
8317
3791
8904
4530
2658
6957
8998
7600
3673
4209
3599
8180
2807
9967
2793
4074
6578
3914
8136
192
8856
5588
7409
8617
2643
2036
2652
5953
587
5682
2713
8905
1948
2182
42
1830
5704
4809
9727
9452
5939
969
9367
9087
947
8110
6816
9248
5497
2043
7778
1429
3439
6208
9863
7582
7403
1298
7707
49
2379
6408
9065
3056
5986
882
3341
4644
8000
5507
6291
6583
2601
6039
5859
3210
8339
4365
3566
8646
6189
7335
9756
8559
1474
5657
4694
1583
861
9751
664
9900
2426
6067
5629
9595
9222
8868
4930
5967
2673
1111
6210
1414
9275
9325
1304
444
7734
926
6164
900
759
952
5900
8009
8374
774
2616
2951
405
6951
3692
8336
1979
1471
8276
2408
352
8200
3079
3547
8946
7333
9448
84
7884
8942
3365
5500
4343
1914
2235
9801
4138
1788
3739
9908
4941
4641
5052
2613
5608
145
9618
3853
5779
5967
3516
2907
7979
1734
1210
6662
8327
7574
8191
5586
6687
34
2828
1796
4282
1076
8980
5018
6614
764
2613
3062
830
494
3077
4736
7888
1928
7242
3650
921
4123
8824
8679
6982
6712
7769
570
1285
6189
838
6640
7069
4484
5782
6188
8308
8903
7346
2853
6326
3005
5530
6812
7747
301
4882
6906
4427
3304
2925
4379
9227
3429
4601
3871
6302
4004
3271
548
9336
5294
7208
3204
6072
3411
5397
2557
5322
6105
2825
1937
6381
1438
7729
9143
1920
1643
7975
3428
49
1251
6534
1900
1672
739
5773
2764
4794
3741
6203
9941
9331
6889
6389
7342
8570
5360
9411
2462
3850
4599
2394
7050
6078
6896
7108
5179
1965
1616
6547
7086
4232
2203
853
9080
7867
7218
2144
1674
6296
3284
5990
9524
4410
246
7864
4162
6736
7231
7357
9866
3510
4126
101
8852
8654
3802
3285
6652
8799
9865
25
7933
2726
2375
9701
4764
1543
5782
9093
5717
7516
267
9615
9337
5603
8076
6147
2729
2071
9567
5951
4427
4659
2259
2831
1990
2270
1206
85
2546
3313
3555
9145
6126
7730
7860
2218
2360
8560
1226
3232
8081
5676
9042
5265
6524
803
1335
5816
4495
3262
8807
2396
526
7990
7119
5101
6782
7438
670
7169
6442
4362
8693
2913
2565
5693
6530
3110
6362
8976
4565
2261
1731
5575
8759
7158
7081
8342
9830
7852
4034
4342
6651
9118
8918
9325
4954
8659
1613
3243
3250
2132
6289
9608
3111
7220
1095
2968
9968
3613
4432
7659
6945
1795
8308
1394
7003
9146
9592
4978
7696
3177
7423
2551
236
4970
8501
498
8386
9069
9565
7424
7182
2142
9786
3683
2699
8031
4763
5412
1903
9590
8787
3291
7896
7470
5640
5319
3231
2710
6476
6198
1055
4000
8550
858
1566
7310
5645
365
8317
9695
9470
6105
1305
6472
350
8348
5902
5265
8865
553
3565
5433
9085
6492
244
1299
649
1211
1470
7319
4956
8867
5833
6365
788
2149
4331
9831
5992
7660
1662
8333
9247
8028
8119
3795
7768
7580
1709
4356
5010
5585
2912
6936
4591
4339
4942
9846
5556
9820
4302
1507
9135
9043
2263
4502
428
3031
6057
8782
5358
9536
8557
8018
5242
2735
8786
8485
6272
728
6548
9456
1467
3158
5757
4150
3082
9469
3617
7901
3518
1784
9803
3061
4643
9628
2256
7671
7445
9359
2824
1071
6201
9220
7239
5635
91
7011
5047
1971
9886
7204
2593
4639
2824
7263
2937
3223
5398
947
6445
7086
5384
1146
9439
1861
724
2384
2641
4305
9128
5561
5165
1259
9823
4271
7165
5582
2994
3704
3772
3897
9171
2972
8341
9875
6437
7168
2757
2385
3030
6111
6515
9432
6115
6631
7053
8710
576
7083
3871
161
8431
5284
258
8235
1211
2078
5665
3403
1855
5224
2942
4014
1600
3127
7081
4580
9432
2542
6780
6037
3168
5499
6611
7745
626
3334
9589
6895
5797
4404
7075
777
7858
3341
5610
473
1093
815
7672
2245
1897
1498
3105
4792
6930
115
7046
1985
1920
4990
2614
3129
3183
8130
6905
2203
1231
8291
4127
7066
1111
7429
8507
1762
9013
7963
700
4942
946
5822
9708
6123
3898
6926
9233
5690
38
6074
9033
4189
6963
4748
4899
91
4818
4510
7497
4832
4911
9447
7935
2376
9562
6302
6401
1103
5774
5452
1184
4790
6111
7507
533
9616
4988
5329
5979
1827
3982
6483
9834
8174
9797
2100
5126
903
7144
4220
6210
4987
4910
1100
7085
3780
5601
2255
4966
8366
9112
1459
118
9542
3590
4371
8943
1844
732
4400
3306
4292
9538
506
2487
9661
8573
1174
4435
4868
965
4748
1791
9893
2844
8415
6285
3821
8196
539
1668
5780
7799
6797
9535
5317
1771
756
6773
3581
8420
3422
7589
1966
914
4606
5400
299
1746
6328
4691
3571
9987
1927
4616
943
2832
8583
591
8746
7412
8357
7781
4114
8713
8150
9249
7262
1924
9309
7094
7164
8625
7617
3109
5894
7486
7972
1916
2297
727
9681
8179
7400
2177
2186
9118
4806
4368
8294
119
5751
6506
4182
537
9399
5496
9009
7949
1683
1051
6492
2976
6988
3946
2519
9275
2750
717
7386
3903
2122
62
7591
6580
4299
662
3596
918
9127
9190
8732
5039
5977
2484
4897
2530
3897
3499
7154
230
7445
1174
6700
9382
7994
10
6545
628
3413
3924
6193
8952
1923
2114
3239
5386
6513
4723
6260
9485
2941
219
2195
672
1916
122
8551
1375
3464
2437
6628
7171
4885
4849
1582
3477
1886
5938
5752
7035
4721
5894
9689
8927
1953
5113
7760
4552
4472
7935
8002
4136
6756
1756
1452
8929
7232
522
9162
2552
9694
5864
4728
8047
1433
6035
9409
5841
2534
187
2062
2589
832
6370
3907
8610
7565
8714
2198
4073
6087
2096
3240
4765
7558
7865
6129
5314
3314
9097
343
8023
3799
7240
8651
4183
414
5176
6896
4906
6484
7916
295
1772
854
9139
3710
8414
7928
8000
8105
3607
6260
9072
6941
6887
1812
2490
8707
8837
6112
5121
1290
5416
5265
145
4128
2315
1091
4249
3665
5655
1184
2485
7200
4229
8814
2069
1309
1337
9443
1929
640
9560
2997
8067
1047
5883
552
3063
799
1519
4068
9804
5980
2840
8435
8033
2819
4055
5608
2912
5373
3348
3398
7438
2374
1874
1131
1814
3959
4247
4507
1542
4542
5878
8065
1031
1589
1494
7521
9898
9728
5522
136
3793
1087
8375
5889
9969
7661
3290
3853
169
4259
5482
9930
2643
8241
1568
5671
6352
8834
8702
6390
5775
999
2275
9074
6350
5715
9413
8432
4917
3052
2864
1656
528
9195
878
7041
2400
5725
402
3650
800
1432
5162
6847
9646
9015
9327
8265
2255
1825
889
8437
7758
3670
8225
3470
6772
5902
3380
5828
6767
4673
2489
199
3075
8862
3941
2946
9787
1957
9013
9696
294
3396
8907
364
9511
2096
893
7105
8695
231
8479
9631
8358
1837
5122
5964
2007
3881
3603
6836
7076
7608
5762
8755
4944
3471
1645
5978
1997
8749
6941
6643
5276
8546
763
1032
3819
3231
4063
2844
6105
242
12
5302
786
6702
6166
2927
8544
4131
79
7240
4892
3968
4231
3328
4971
5653
4634
6109
9626
1589
3708
7569
7508
7022
4912
2483
6041
8337
579
1249
2238
7444
6038
9661
4797
4210
1443
7829
3183
8831
9444
1065
3300
5441
4569
1423
7753
8303
1970
2190
7856
1547
3530
2273
5213
333
9541
4121
5323
3214
4020
2705
5671
4421
4299
7369
920
1028
5706
8128
478
8286
4902
754
1108
2928
9498
7657
4756
5258
1289
2561
8931
2623
4442
9810
4795
1403
2998
8109
7196
866
8834
8065
4466
1903
8618
5940
1493
8978
9382
3944
7123
4591
2302
1525
4774
2461
9530
3213
8036
1185
27
6324
5775
7734
7944
7055
7328
2234
6359
3860
7250
4
981
4126
4013
9501
3041
7572
8559
6073
4445
9303
3668
9753
8091
2631
6348
5614
9712
2498
8886
3203
4604
1103
3244
8118
2906
3143
7725
572
7118
8536
7050
10
7138
3305
8917
9913
7379
499
3294
7667
5194
3717
8167
876
4221
3845
9816
3005
1231
7162
1784
8030
1740
9012
5758
3329
3586
3887
8143
1317
1232
3262
1296
6938
2334
8710
2180
8318
744
2089
7309
5329
2930
9604
9632
512
1698
2009
996
7500
1393
2569
1054
3520
544
376
3722
6659
4702
3429
4742
4574
459
5837
5223
7184
7476
5098
5069
3263
1447
5280
40
8377
9848
235
6841
5476
2321
6661
2628
2553
2321
9270
6540
2384
1891
6129
6750
3817
1614
8515
6062
5070
7685
9123
1582
8268
8420
984
6003
8397
7190
8791
1833
2613
8449
6484
7435
5109
6837
3510
4313
8863
4568
1149
5285
5965
2588
6132
6316
7543
7524
2050
6928
9664
3020
8779
430
3686
6157
9552
1364
7900
7857
4599
4879
9112
9919
3818
5143
8086
7139
4148
7066
6039
4124
83
3735
483
5450
9929
247
3728
8789
998
6901
1355
8523
3302
7701
6803
8180
2372
239
2602
6274
4672
25
2117
9597
8858
5873
2581
4423
9344
3756
8756
4453
6566
7358
800
6623
5910
9267
9741
3974
540
9194
9563
8071
827
1757
5497
9558
4789
90
8528
5719
2078
1860
1123
3188
8521
2159
5585
3664
1651
6168
3986
2667
4679
9711
2137
9507
1256
5200
3217
7559
2619
1525
8378
7883
6955
8455
2592
4856
5012
3902
6315
1822
161
834
8015
4979
7265
8461
8572
4175
9508
8470
4464
8122
675
9344
8619
7010
7635
1855
3071
4270
4446
7944
4582
737
4550
5569
8501
458
6480
1070
7019
3942
552
719
3692
9136
5720
1985
7727
6997
1721
7238
2248
7746
2948
9701
7963
1002
9163
2551
5332
2336
1243
4042
5832
3036
1545
1747
7716
9820
6315
6983
2860
4644
8394
3551
2821
2103
6150
7825
3851
7930
7609
5819
365
3911
724
6544
318
4731
608
2784
8020
2219
5637
7864
5330
1933
8805
7649
4923
260
7187
6950
4735
9157
9802
6929
8775
5090
7132
343
8007
2869
906
5150
1185
4588
9092
2429
3880
9789
3700
1431
983
6977
1020
5038
3115
7468
2222
2299
6374
7661
375
3322
6255
9943
9142
6088
6429
8232
3267
5629
881
5700
6030
8214
2036
2262
5019
2723
7773
4452
5699
6470
1322
6445
6170
2763
2308
3716
5240
7705
2738
9281
2523
950
8159
2834
9808
8017
831
345
5289
8651
8918
61
6300
1672
2555
7948
7260
7694
4880
9302
5538
2499
5104
3958
3841
4975
6509
3726
4850
7356
1282
5620
7967
7442
2216
9531
2091
3748
4255
9051
7319
7473
886
5252
3749
9600
4001
1063
2289
3792
6887
1649
1893
2330
2173
6654
8039
1369
4121
6690
6012
4627
2695
7897
8779
6379
4325
4763
1519
3016
6429
8599
5449
7780
6665
6306
8662
3313
9162
9722
301
132
4542
6127
8504
5341
3707
5153
2607
1994
9537
5147
6019
3239
5052
9310
8466
7237
7161
507
7772
4336
6027
7026
5472
1901
6132
7348
1259
8253
6232
1218
1534
5845
4898
1375
8102
390
1230
5665
7984
3362
5589
1246
5413
9387
3120
43
701
9455
9499
6790
9003
4192
49
8094
1700
9933
1635
8930
1825
4227
5260
2907
9497
379
2886
4480
7345
3292
3967
8749
9398
6654
1568
5235
3997
8433
2250
4388
4465
2339
3271
702
3841
6346
9133
2005
1626
4195
84
6818
3931
7556
634
2313
2250
9380
7499
1378
6422
9782
8839
114
8611
6634
6772
6910
7029
8252
647
5410
61
7043
4418
9136
5045
7107
9334
5978
606
2510
1894
5206
3983
8928
1480
2431
660
1150
350
8810
1902
4501
9741
1296
7193
3401
7075
7246
6269
2318
8593
2224
223
6847
4032
7744
2230
7424
5713
7232
5144
2628
2133
5735
1393
9255
7688
4974
8254
7010
3747
4330
2147
3207
1329
1127
4599
8846
8518
861
1136
2796
1635
8051
480
6357
8206
6436
8634
5472
537
396
4772
38
3834
1786
1897
6872
3828
9293
115
3062
8816
6181
1704
8093
3771
8903
5849
8136
7964
6270
7846
1586
2530
5814
8181
5785
1534
4530
159
8392
2056
7680
4709
8750
252
4839
8056
7763
4857
4587
8454
856
4173
1006
3477
7292
90
6184
4169
9000
7845
6177
7750
6148
2805
4982
6024
4952
4954
2821
5986
2627
4698
979
1980
3898
5434
3851
4885
5717
3199
5924
8047
7968
6329
7305
8312
5312
7895
7145
6807
2543
5775
4778
4232
9268
30
6527
3780
9106
9447
9119
340
284
9786
7388
7345
4799
2320
4776
64
4985
2875
6755
2730
548
1968
4056
952
9361
5308
8466
6473
1268
2646
7129
2709
3762
185
3183
1076
7352
6423
6513
2793
6187
9718
4838
5161
6534
1231
4489
7523
6570
2298
2549
9731
5130
3792
2544
9242
6039
649
6590
2589
3191
9476
1489
57
9528
6309
9317
6679
5861
1848
5343
8438
4767
7687
1644
1498
4629
3640
8032
4287
5839
3328
180
6653
6095
5237
512
6227
4182
2554
7945
6145
644
6516
8681
8504
6829
701
6932
9103
8160
2957
8151
9861
7204
9698
7011
7644
1025
3867
3922
7301
3962
5469
8500
9611
9264
5134
2395
5167
2170
8734
6204
7207
7211
8187
1752
7866
7051
3627
4879
6871
7578
2768
1204
2584
2874
828
5888
1506
6404
5059
4513
2096
926
9944
8396
2947
1990
6719
2331
1254
4018
3836
1666
118
6165
8919
1772
3773
4806
5236
2825
2044
5269
7446
9067
2840
617
6003
7393
3918
2695
3131
5997
6531
2305
6777
4043
9133
3939
4241
8632
6519
334
7620
1871
6988
5144
1264
2342
5450
7089
1945
7755
3875
63
5994
8761
7080
6145
2471
7233
3717
3477
9261
3582
8519
6952
4814
6179
9567
4429
1416
9652
798
7339
9515
1983
1552
4984
9309
428
4335
1453
3062
3887
5361
4023
3552
1092
1187
2254
6205
6324
8201
2864
9738
8996
5527
9816
2129
760
875
3327
9371
4667
926
1400
2249
1562
8384
9821
2787
8159
5457
1162
7547
936
8367
3896
4957
2293
5400
3933
4405
2436
4417
5293
884
5826
2524
3055
1925
1228
522
194
6327
9601
283
5726
2284
9058
1846
8470
6782
5774
7735
5043
4736
5516
5247
9889
2334
8992
1501
622
9192
5234
5930
4070
9773
6624
3270
9506
1986
6145
6243
5624
2564
2603
5063
2294
3561
5308
9056
7698
2041
7818
8613
2169
1016
8142
9602
9022
4403
2252
3758
2855
1406
6030
1921
8
4380
3580
1956
5575
2251
6744
9866
6351
3874
566
6420
1549
1100
3792
1935
4537
4763
6917
9491
1613
4316
3902
5474
8214
7552
3667
8679
9379
6790
4958
6747
3342
1557
9174
643
3615
4820
1893
1599
3125
1973
2687
6794
6178
6455
4015
6904
5937
214
4890
530
7871
4796
8575
5504
1729
577
6909
7155
802
5578
9429
6574
5443
2508
866
6994
6704
9964
5105
2
7046
6736
6383
1008
1368
3923
6617
6287
4185
1213
3319
4250
2698
8414
9152
8798
5633
8448
4038
6613
7899
1308
1585
8736
6047
1658
5512
6000
8687
1909
7529
4798
2905
8788
5669
8462
7717
1991
9504
8963
8299
5765
8554
6584
1543
1666
3241
9526
2496
6337
7131
8180
3149
3187
6448
6495
7990
341
6433
4735
1328
5389
8963
9557
4229
8900
6320
9947
3137
1272
235
7209
7954
6971
8031
1509
4700
4081
9410
4282
4775
569
4866
6511
3105
9742
371
6766
5884
4440
8472
2043
2085
7435
1619
5582
723
6642
4461
2578
1505
3059
7349
5346
3232
6412
1003
9035
9886
1147
8565
1616
9431
4427
5304
3971
3100
3028
5059
3296
186
5391
2738
78
55
4839
8262
558
601
888
6967
686
6426
5096
2136
6009
6076
3673
7012
7001
7675
60
3293
8781
1737
4284
9775
5286
9187
5057
7950
5460
5758
152
6156
6100
2636
8057
9937
3846
7178
1470
8888
7471
3591
8688
6641
2644
5714
6329
4786
5718
6085
6187
564
8627
7826
6369
249
6845
6674
492
767
6979
5245
9187
7067
2002
7195
226
6899
2441
9994
194
2179
9987
9407
188
3261
4879
1442
9081
1157
9010
1653
4284
331
3128
6431
7942
5600
6428
4516
867
9938
9007
2585
9651
8402
5149
3023
1636
9928
9490
1356
2522
3830
1437
4262
3163
4919
9101
1745
3050
2891
1981
7332
9566
2027
3625
1116
9778
2833
3019
9535
2184
517
9882
7813
6371
5761
3087
1277
7996
9188
7897
3958
201
9026
9921
6633
6219
9369
2608
9631
1189
7690
4877
92
406
5005
3138
7836
3168
73
2869
7415
9526
1279
144
3241
5262
5343
2023
2300
5160
9480
109
8130
7558
792
6810
8876
4252
5752
4374
9917
7143
8364
4672
8076
4639
4855
851
1312
1326
5245
8204
7674
4249
9596
4606
2078
331
5341
7438
8327
29
1386
1673
2599
6967
2047
6046
4684
3293
3271
2553
5349
266
4496
7101
6223
9825
7042
4406
1258
8829
1760
2173
4954
9135
4153
1142
3122
5874
862
4309
6510
6344
7905
3595
874
687
4592
6240
2564
7625
5499
8060
9194
5736
9794
7063
8818
2713
7542
6144
4189
5630
2328
4577
1799
6595
5183
2932
6496
4045
1254
8954
8783
5911
2531
1171
8364
2340
1
5573
8819
7284
8788
1573
7771
1035
5994
4526
9268
1253
9454
5492
5555
9965
9517
2609
3772
9887
375
2121
2234
2682
8338
4998
7629
2901
4196
8762
8828
1084
1213
7019
5544
2589
4762
2120
9727
1760
6796
1905
4437
5996
7705
7602
8466
2747
2211
848
3655
2890
2145
6837
8885
6536
7567
9681
5286
9280
3451
4645
541
7157
8023
8722
6503
21
8282
3960
1970
1673
8743
2680
4531
6282
1323
4008
8463
6325
3153
3646
6237
6134
8245
1400
2804
7924
6832
2999
3651
7548
7613
731
9670
7311
1991
3751
5275
7204
5228
2158
6807
7891
8133
3507
1501
5394
8273
8188
5351
4141
2997
4499
2876
2398
7865
1062
18
3431
2992
7840
3984
8079
6614
4363
4693
910
3010
9462
5164
9575
6712
7763
8461
5848
7867
3777
7058
3409
9553
8707
3412
7801
9473
7297
6321
9958
8255
2974
4349
9143
5827
4975
14
5823
2804
8227
3837
6611
1903
6070
4743
5777
1716
2508
4073
4099
5826
3007
6647
5255
23
2687
2397
6163
5632
7513
1044
9940
9347
3374
5427
7555
3128
8725
827
6606
2565
5146
6585
618
6632
5240
1892
342
9954
6660
9395
4251
8185
1481
4766
6219
4134
2430
8393
7174
5476
1341
4966
7836
9136
1044
4236
8945
9279
6513
6954
2130
2589
9338
8248
9620
4619
8384
5918
6183
6505
8769
716
54
4961
4519
5579
6830
2177
465
9740
6901
6894
5017
255
1277
2536
6144
4675
2936
8116
5991
5060
4914
8233
3658
5957
5532
9294
2963
9285
8595
288
8900
6476
2321
6415
211
3971
4830
8761
7903
3145
8628
9844
6585
5256
3685
4206
7114
7225
7173
4732
6131
5275
3255
6761
77
1667
4249
1806
8777
3158
9865
2080
7557
5866
3173
7801
784
3956
7964
7680
6528
3493
7456
931
1423
7668
2831
8865
6732
3669
8227
7606
8121
7526
9246
298
5634
9752
7377
562
1076
9186
749
5126
6497
872
1812
6370
9049
2579
6551
4532
5823
3319
6780
1100
2976
6768
8677
4313
6795
6082
694
7129
1488
4351
4854
3902
3253
3494
8972
9950
7979
6273
112
6475
4296
851
6843
8407
2837
91
5812
7163
5011
7847
6320
2501
8847
6189
9658
5575
2270
1741
7594
3896
3910
1055
1422
6025
3711
994
4448
5433
5329
844
4171
588
7786
6583
1028
7732
9375
1157
1516
7022
9821
6984
4795
5725
1298
7500
6863
4562
4796
8366
6399
955
9856
7543
4387
5339
6702
1409
4905
6230
7316
2824
6575
1516
8839
2144
4610
2966
9434
6155
8648
4541
8158
1148
5994
6769
2597
2705
4456
3242
3091
8045
875
7501
2531
5134
702
5457
2820
6833
919
8385
8100
1130
5373
1541
3568
4587
5062
4827
2097
1307
7671
2812
5359
9563
3083
883
6617
6432
3797
7742
916
685
8677
5276
4230
1432
6361
9831
8890
267
843
413
7775
3061
9171
9925
1102
937
9006
1071
5706
7342
1416
2670
2337
4499
7400
8026
4408
3728
8996
9013
6552
3141
3980
670
258
5862
3647
654
3846
6139
7900
8748
8926
5604
7483
8968
2301
4611
4694
6405
3014
9660
5955
3123
2801
6738
229
8921
7792
1463
5941
5344
5120
8504
6302
6190
5667
7644
3448
3450
7535
611
5453
8269
7269
3947
1452
8071
7819
8302
9101
6434
9678
6342
9179
931
9016
597
2247
88
8373
4348
9492
869
907
9478
3421
6631
299
4990
4380
7900
7859
6329
2063
9481
773
4270
1204
6725
8490
1822
2212
2154
6178
3486
4187
6082
9356
5685
2417
3000
5377
4355
2384
1796
6356
3657
6667
7625
8164
2824
4508
5357
9094
5472
5274
4765
5082
5941
1370
1713
3475
2455
6677
8973
2057
9255
5363
2841
2037
1413
7710
7160
6701
4750
1021
6715
1578
3426
1202
2877
3810
470
1589
7638
6615
3773
9818
756
65
9461
1337
193
9123
8156
7284
6544
869
117
1026
4613
2546
8380
9868
9590
9821
8226
4757
678
1384
6454
3693
7092
6126
2174
4156
4307
8432
6592
9306
5841
9498
4654
4896
7161
4531
5574
5369
10
8018
4692
3314
3531
4731
592
565
5110
2836
5468
3879
9857
9466
68
140
3592
91
2445
3416
1736
260
2056
8843
2106
6873
1143
4190
3741
2914
9625
131
1644
2680
341
5674
1111
1036
5559
2974
7700
2261
919
1562
9444
7952
174
1301
653
3821
2469
5665
328
9917
3973
4193
6627
7806
9409
3414
3411
3249
9785
2427
6579
9788
3774
5903
6108
7965
1533
5241
5951
9538
1798
57
9582
9606
3986
6427
6426
5845
8594
3880
5991
2144
8553
9343
4615
6753
2758
304
6175
8374
7963
2086
9958
4368
8959
5683
4334
8695
4521
8683
8844
8695
7221
8519
9336
5718
3216
1211
5036
3089
3570
1280
7105
5550
6979
6026
8466
6490
1141
3737
3221
864
2698
2657
5144
1575
6435
3520
6354
9719
8053
7162
4620
8680
4514
8030
3344
2969
3656
461
7510
8109
1215
4656
2231
6694
9951
5908
9550
7830
8711
9774
8909
3792
4405
1200
1543
143
738
7160
8160
4333
2392
9717
456
485
4371
9661
8595
2875
6482
4819
4030
2850
4677
4312
8708
124
1390
8331
4985
4817
6367
3678
3561
4289
4061
7601
7031
4995
8231
3827
1657
527
1059
5613
397
8541
9055
3167
9341
762
6807
1826
9270
1489
159
612
8820
5735
1463
4299
7865
6760
747
6014
3627
1111
2922
6148
2812
6284
5571
9913
2346
9582
8430
9868
6405
6568
8703
5721
4132
6343
1681
7278
2053
2120
502
9945
7207
3870
1180
8262
7546
9320
6382
8460
2905
2671
847
6066
3037
7166
303
3857
1279
968
606
6828
6785
9815
6158
5163
5146
9792
2084
6831
5610
8820
644
7103
6603
4956
2137
733
5518
8506
6766
5319
2572
1934
7889
2303
5833
5270
4415
5006
5482
5189
972
6808
8199
3571
9771
1242
9238
8423
589
668
5646
4556
2499
8540
7048
1133
191
2815
5259
5268
1989
2752
95
4576
2718
4105
9150
7030
9078
272
3047
8835
9465
3494
100
7624
2786
1820
608
5090
7941
4141
7328
5117
7581
2194
5205
4071
7150
8623
1428
6418
3748
7573
2534
5841
2440
3148
1820
8193
8760
1382
38
4305
9204
5350
8024
1650
1407
5796
3307
5755
3204
8645
2372
6513
2609
6412
7187
9101
6529
3605
9521
4721
3282
5257
3658
286
5631
9237
8564
4216
8310
8523
625
9614
4009
7565
4577
1896
8938
9770
1158
8701
1164
6341
7428
3557
8354
825
1846
8952
2290
8362
7355
737
6683
6756
8874
6231
4491
1491
9383
9492
5580
3105
6811
6418
4355
3507
7687
9919
8885
6031
4635
1584
9880
8497
682
5367
4980
1451
8058
3657
1518
9149
6584
7361
2117
4970
2173
1942
6391
5255
9665
3068
9392
1015
5503
1808
9759
314
8390
2609
7268
657
7506
2731
1361
6139
5795
2557
1354
4667
7158
8985
7491
4723
4886
6886
5310
1990
7658
3779
1875
4130
7961
126
668
1698
6325
3066
2056
3497
4092
9915
9775
5536
9521
901
77
7829
7019
3864
5794
6641
8861
8757
1525
2542
2789
5324
4851
6456
9742
1488
3652
56
4846
7432
2897
3918
506
1967
3703
3325
3471
7476
1071
9733
7875
5362
7067
5569
1464
9151
2793
4715
1393
5225
2722
2797
621
2132
7008
6022
2997
9316
5297
1508
431
8772
7811
2847
3178
6366
6876
6864
214
1773
9723
269
1121
5938
1687
4907
3553
1108
9974
9596
5233
7180
4203
33
6166
9466
3422
2117
7397
4311
3510
5130
9671
5125
2645
4941
2922
8781
2605
7833
4483
974
5454
4351
5679
603
6324
48
58
9840
5042
5872
3719
9562
7238
4908
4730
6579
9881
9544
8254
8971
4743
3912
2497
4091
8092
5746
7448
389
1884
8191
8460
5093
6363
2511
6411
2265
2164
7786
277
3089
3230
2404
6552
2654
6357
250
6460
1931
6085
7024
9045
5681
5271
626
2485
8124
4850
1917
3911
2514
6214
8102
8535
6469
3968
8401
615
3720
4606
3982
8613
3230
6010
5491
8536
6623
172
7292
422
3874
6693
328
9305
9908
3765
2760
8926
5635
7493
2407
1537
304
6010
7434
4284
2312
8892
8952
5212
2066
1332
8029
8800
4964
6254
6757
1903
4485
5393
4948
3603
4093
8069
4828
3495
4299
6019
4806
437
4485
7559
9186
5927
2665
5679
8754
8009
9217
6018
2663
1486
5250
6952
715
785
2341
5155
2451
3374
6600
774
9617
4690
4419
157
9748
2265
1804
8050
4820
2760
6267
8703
979
5341
1293
377
3165
7728
9778
48
6166
4978
3836
8811
4192
1748
8772
6536
4190
4966
289
1359
2328
6727
8677
2450
3870
4932
2421
6942
9666
8502
9885
6353
7286
1012
5702
4302
2160
4686
1327
7173
325
6670
6111
8139
9141
6580
3929
4647
2954
8714
5821
2504
8642
107
2866
1720
6355
5957
316
9656
130
7802
3732
2496
7793
3530
4924
5547
251
9864
3711
4993
3901
534
2030
1967
9294
137
8799
147
9464
6180
9761
7463
9692
9678
9728
4335
7321
3867
8349
568
261
9166
2779
668
4192
3833
4766
7913
1895
9780
7076
2671
6669
105
8801
9907
3153
7109
5548
3096
457
9748
4628
7674
3505
831
8301
9304
1682
762
1779
368
7785
5960
4828
8544
1570
2779
697
3307
826
2431
2658
1595
8736
1904
6491
7276
228
9818
1295
3283
3983
6954
3010
4276
120
1163
2279
6691
4750
6931
8475
6513
9798
2367
3157
712
5932
7960
3734
6255
6224
5372
4190
4998
3527
4758
9954
1109
533
557
7606
5018
7016
3421
6587
6755
5110
6231
4073
4070
9929
2612
6291
8418
6540
7237
9649
4453
6113
9198
1509
9159
2100
6205
9607
8435
831
4569
6169
6812
2133
8344
6782
9482
5093
8784
65
9794
180
7365
3744
8700
7159
5263
904
9950
3088
4960
5729
5543
717
9299
3992
9712
432
6074
1499
1374
8350
6846
7592
8785
186
4951
2658
9066
4103
7602
9780
4288
1081
801
8384
4797
4431
2989
8479
5003
4975
4335
755
3737
4276
5509
2572
5203
826
6171
2555
6938
8990
2226
1496
7711
7764
6417
5237
7918
1749
9164
1593
5728
2567
3946
4518
6284
5874
5452
2425
6633
8415
338
5554
9326
3585
916
9673
8211
2472
2787
1322
2877
2676
9352
6121
6072
5942
4071
8647
3906
4018
4613
7587
36
8467
7308
5347
8870
9277
925
4272
6823
7135
2515
9011
3927
5133
9756
1708
2420
577
7350
5690
2819
6433
8188
4449
9362
